1250.9	1226.1	1201.9	1178.1	1154.9	1132.1	1109.9	1088.1	1066.9	1046.1	1025.9	1006.1	986.89	968.14	949.89	932.14	914.89	898.14	881.89	866.14	850.89	836.14	821.89	808.14	794.89	782.14	769.89	758.14	746.89	736.14	725.89	716.14	706.89	698.14	689.89	682.14	674.89	668.14	661.89	656.14	650.9	646.15	641.9	638.15	634.9	632.15	629.9	628.15	626.9	626.15	625.9	626.15	626.9	628.15	629.9	632.15	634.9	638.15	641.9	646.15	650.9	656.15	661.9	668.15	674.9	682.15	689.9	698.15	706.91	716.16	725.91	736.16	746.91	758.16	769.91	782.16	794.91	808.16	821.91	836.16	850.91	866.16	881.91	898.16	914.91	932.16	949.91	968.16	986.91	1006.2	1025.9	1046.2	1066.9	1088.2	1109.9	1132.2	1154.9	1178.2	1201.9	1226.2	1250.9
1226.1	1201.4	1177.1	1153.4	1130.1	1107.4	1085.1	1063.4	1042.1	1021.4	1001.1	981.39	962.14	943.39	925.14	907.39	890.14	873.39	857.14	841.39	826.14	811.39	797.14	783.39	770.14	757.39	745.14	733.39	722.14	711.39	701.14	691.39	682.14	673.39	665.14	657.39	650.14	643.39	637.14	631.39	626.15	621.4	617.15	613.4	610.15	607.4	605.15	603.4	602.15	601.4	601.15	601.4	602.15	603.4	605.15	607.4	610.15	613.4	617.15	621.4	626.15	631.4	637.15	643.4	650.15	657.4	665.15	673.4	682.16	691.41	701.16	711.41	722.16	733.41	745.16	757.41	770.16	783.41	797.16	811.41	826.16	841.41	857.16	873.41	890.16	907.41	925.16	943.41	962.16	981.41	1001.2	1021.4	1042.2	1063.4	1085.2	1107.4	1130.2	1153.4	1177.2	1201.4	1226.2
1201.9	1177.1	1152.9	1129.1	1105.9	1083.1	1060.9	1039.1	1017.9	997.13	976.88	957.14	937.89	919.14	900.89	883.14	865.89	849.14	832.89	817.14	801.89	787.14	772.89	759.14	745.89	733.14	720.89	709.14	697.89	687.14	676.89	667.14	657.89	649.14	640.89	633.14	625.89	619.14	612.89	607.15	601.9	597.15	592.9	589.15	585.9	583.15	580.9	579.15	577.9	577.15	576.9	577.15	577.9	579.15	580.9	583.15	585.9	589.15	592.9	597.15	601.9	607.15	612.9	619.15	625.9	633.15	640.9	649.15	657.91	667.16	676.91	687.16	697.91	709.16	720.91	733.16	745.91	759.16	772.91	787.16	801.91	817.16	832.91	849.16	865.91	883.16	900.91	919.16	937.91	957.16	976.91	997.16	1017.9	1039.2	1060.9	1083.2	1105.9	1129.2	1152.9	1177.2	1201.9
1178.1	1153.4	1129.1	1105.4	1082.1	1059.4	1037.1	1015.4	994.13	973.38	953.13	933.39	914.14	895.39	877.14	859.39	842.14	825.39	809.14	793.39	778.14	763.39	749.14	735.39	722.14	709.39	697.14	685.39	674.14	663.39	653.14	643.39	634.14	625.39	617.14	609.39	602.14	595.39	589.14	583.4	578.15	573.4	569.15	565.4	562.15	559.4	557.15	555.4	554.15	553.4	553.15	553.4	554.15	555.4	557.15	559.4	562.15	565.4	569.15	573.4	578.15	583.4	589.15	595.4	602.15	609.4	617.15	625.4	634.16	643.41	653.16	663.41	674.16	685.41	697.16	709.41	722.16	735.41	749.16	763.41	778.16	793.41	809.16	825.41	842.16	859.41	877.16	895.41	914.16	933.41	953.16	973.41	994.16	1015.4	1037.2	1059.4	1082.2	1105.4	1129.2	1153.4	1178.2
1154.9	1130.1	1105.9	1082.1	1058.9	1036.1	1013.9	992.13	970.88	950.13	929.89	910.14	890.89	872.14	853.89	836.14	818.89	802.14	785.89	770.14	754.89	740.14	725.89	712.14	698.89	686.14	673.89	662.14	650.89	640.14	629.89	620.14	610.89	602.14	593.89	586.14	578.89	572.14	565.89	560.15	554.9	550.15	545.9	542.15	538.9	536.15	533.9	532.15	530.9	530.15	529.9	530.15	530.9	532.15	533.9	536.15	538.9	542.15	545.9	550.15	554.9	560.15	565.9	572.15	578.9	586.15	593.9	602.15	610.91	620.16	629.91	640.16	650.91	662.16	673.91	686.16	698.91	712.16	725.91	740.16	754.91	770.16	785.91	802.16	818.91	836.16	853.91	872.16	890.91	910.16	929.91	950.16	970.91	992.16	1013.9	1036.2	1058.9	1082.2	1105.9	1130.2	1154.9
1132.1	1107.4	1083.1	1059.4	1036.1	1013.4	991.13	969.38	948.13	927.38	907.14	887.39	868.14	849.39	831.14	813.39	796.14	779.39	763.14	747.39	732.14	717.39	703.14	689.39	676.14	663.39	651.14	639.39	628.14	617.39	607.14	597.39	588.14	579.39	571.14	563.39	556.14	549.39	543.14	537.4	532.15	527.4	523.15	519.4	516.15	513.4	511.15	509.4	508.15	507.4	507.15	507.4	508.15	509.4	511.15	513.4	516.15	519.4	523.15	527.4	532.15	537.4	543.15	549.4	556.15	563.4	571.15	579.4	588.16	597.41	607.16	617.41	628.16	639.41	651.16	663.41	676.16	689.41	703.16	717.41	732.16	747.41	763.16	779.41	796.16	813.41	831.16	849.41	868.16	887.41	907.16	927.41	948.16	969.41	991.16	1013.4	1036.2	1059.4	1083.2	1107.4	1132.2
1109.9	1085.1	1060.9	1037.1	1013.9	991.13	968.88	947.13	925.88	905.13	884.89	865.14	845.89	827.14	808.89	791.14	773.89	757.14	740.89	725.14	709.89	695.14	680.89	667.14	653.89	641.14	628.89	617.14	605.89	595.14	584.89	575.14	565.89	557.14	548.89	541.14	533.89	527.14	520.89	515.15	509.9	505.15	500.9	497.15	493.9	491.15	488.9	487.15	485.9	485.15	484.9	485.15	485.9	487.15	488.9	491.15	493.9	497.15	500.9	505.15	509.9	515.15	520.9	527.15	533.9	541.15	548.9	557.16	565.91	575.16	584.91	595.16	605.91	617.16	628.91	641.16	653.91	667.16	680.91	695.16	709.91	725.16	740.91	757.16	773.91	791.16	808.91	827.16	845.91	865.16	884.91	905.16	925.91	947.16	968.91	991.16	1013.9	1037.2	1060.9	1085.2	1109.9
1088.1	1063.4	1039.1	1015.4	992.13	969.38	947.13	925.38	904.13	883.38	863.14	843.39	824.14	805.39	787.14	769.39	752.14	735.39	719.14	703.39	688.14	673.39	659.14	645.39	632.14	619.39	607.14	595.39	584.14	573.39	563.14	553.39	544.14	535.39	527.14	519.39	512.14	505.39	499.14	493.4	488.15	483.4	479.15	475.4	472.15	469.4	467.15	465.4	464.15	463.4	463.15	463.4	464.15	465.4	467.15	469.4	472.15	475.4	479.15	483.4	488.15	493.4	499.15	505.4	512.15	519.4	527.15	535.41	544.16	553.41	563.16	573.41	584.16	595.41	607.16	619.41	632.16	645.41	659.16	673.41	688.16	703.41	719.16	735.41	752.16	769.41	787.16	805.41	824.16	843.41	863.16	883.41	904.16	925.41	947.16	969.41	992.17	1015.4	1039.2	1063.4	1088.2
1066.9	1042.1	1017.9	994.13	970.88	948.13	925.88	904.13	882.88	862.13	841.89	822.14	802.89	784.14	765.89	748.14	730.89	714.14	697.89	682.14	666.89	652.14	637.89	624.14	610.89	598.14	585.89	574.14	562.89	552.14	541.89	532.14	522.89	514.14	505.89	498.14	490.89	484.14	477.9	472.15	466.9	462.15	457.9	454.15	450.9	448.15	445.9	444.15	442.9	442.15	441.9	442.15	442.9	444.15	445.9	448.15	450.9	454.15	457.9	462.15	466.9	472.15	477.9	484.15	490.9	498.15	505.9	514.16	522.91	532.16	541.91	552.16	562.91	574.16	585.91	598.16	610.91	624.16	637.91	652.16	666.91	682.16	697.91	714.16	730.91	748.16	765.91	784.16	802.91	822.16	841.91	862.16	882.91	904.16	925.91	948.16	970.92	994.17	1017.9	1042.2	1066.9
1046.1	1021.4	997.13	973.38	950.13	927.38	905.13	883.38	862.13	841.38	821.14	801.39	782.14	763.39	745.14	727.39	710.14	693.39	677.14	661.39	646.14	631.39	617.14	603.39	590.14	577.39	565.14	553.39	542.14	531.39	521.14	511.39	502.14	493.39	485.14	477.39	470.14	463.39	457.15	451.4	446.15	441.4	437.15	433.4	430.15	427.4	425.15	423.4	422.15	421.4	421.15	421.4	422.15	423.4	425.15	427.4	430.15	433.4	437.15	441.4	446.15	451.4	457.15	463.4	470.15	477.4	485.15	493.41	502.16	511.41	521.16	531.41	542.16	553.41	565.16	577.41	590.16	603.41	617.16	631.41	646.16	661.41	677.16	693.41	710.16	727.41	745.16	763.41	782.16	801.41	821.16	841.41	862.16	883.41	905.16	927.41	950.17	973.42	997.17	1021.4	1046.2
1025.9	1001.1	976.88	953.13	929.88	907.13	884.88	863.13	841.88	821.14	800.89	781.14	761.89	743.14	724.89	707.14	689.89	673.14	656.89	641.14	625.89	611.14	596.89	583.14	569.89	557.14	544.89	533.14	521.89	511.14	500.89	491.14	481.89	473.14	464.89	457.14	449.89	443.14	436.9	431.15	425.9	421.15	416.9	413.15	409.9	407.15	404.9	403.15	401.9	401.15	400.9	401.15	401.9	403.15	404.9	407.15	409.9	413.15	416.9	421.15	425.9	431.15	436.9	443.15	449.9	457.15	464.9	473.16	481.91	491.16	500.91	511.16	521.91	533.16	544.91	557.16	569.91	583.16	596.91	611.16	625.91	641.16	656.91	673.16	689.91	707.16	724.91	743.16	761.91	781.16	800.91	821.16	841.91	863.16	884.91	907.17	929.92	953.17	976.92	1001.2	1025.9
1006.1	981.38	957.13	933.38	910.13	887.38	865.13	843.38	822.13	801.39	781.14	761.39	742.14	723.39	705.14	687.39	670.14	653.39	637.14	621.39	606.14	591.39	577.14	563.39	550.14	537.39	525.14	513.39	502.14	491.39	481.14	471.39	462.14	453.39	445.14	437.39	430.14	423.39	417.15	411.4	406.15	401.4	397.15	393.4	390.15	387.4	385.15	383.4	382.15	381.4	381.15	381.4	382.15	383.4	385.15	387.4	390.15	393.4	397.15	401.4	406.15	411.4	417.15	423.4	430.15	437.4	445.15	453.41	462.16	471.41	481.16	491.41	502.16	513.41	525.16	537.41	550.16	563.41	577.16	591.41	606.16	621.41	637.16	653.41	670.16	687.41	705.16	723.41	742.16	761.41	781.16	801.41	822.16	843.41	865.16	887.42	910.17	933.42	957.17	981.42	1006.2
986.88	962.13	937.88	914.13	890.88	868.13	845.88	824.13	802.88	782.14	761.89	742.14	722.89	704.14	685.89	668.14	650.89	634.14	617.89	602.14	586.89	572.14	557.89	544.14	530.89	518.14	505.89	494.14	482.89	472.14	461.89	452.14	442.89	434.14	425.89	418.14	410.89	404.14	397.9	392.15	386.9	382.15	377.9	374.15	370.9	368.15	365.9	364.15	362.9	362.15	361.9	362.15	362.9	364.15	365.9	368.15	370.9	374.15	377.9	382.15	386.9	392.15	397.9	404.15	410.9	418.15	425.91	434.16	442.91	452.16	461.91	472.16	482.91	494.16	505.91	518.16	530.91	544.16	557.91	572.16	586.91	602.16	617.91	634.16	650.91	668.16	685.91	704.16	722.91	742.16	761.91	782.16	802.91	824.16	845.91	868.17	890.92	914.17	937.92	962.17	986.92
968.13	943.38	919.13	895.38	872.13	849.38	827.13	805.38	784.13	763.39	743.14	723.39	704.14	685.39	667.14	649.39	632.14	615.39	599.14	583.39	568.14	553.39	539.14	525.39	512.14	499.39	487.14	475.39	464.14	453.39	443.14	433.39	424.14	415.39	407.14	399.39	392.14	385.39	379.15	373.4	368.15	363.4	359.15	355.4	352.15	349.4	347.15	345.4	344.15	343.4	343.15	343.4	344.15	345.4	347.15	349.4	352.15	355.4	359.15	363.4	368.15	373.4	379.15	385.4	392.15	399.4	407.16	415.41	424.16	433.41	443.16	453.41	464.16	475.41	487.16	499.41	512.16	525.41	539.16	553.41	568.16	583.41	599.16	615.41	632.16	649.41	667.16	685.41	704.16	723.41	743.16	763.41	784.16	805.41	827.16	849.42	872.17	895.42	919.17	943.42	968.17
949.88	925.13	900.88	877.13	853.88	831.13	808.88	787.13	765.88	745.14	724.89	705.14	685.89	667.14	648.89	631.14	613.89	597.14	580.89	565.14	549.89	535.14	520.89	507.14	493.89	481.14	468.89	457.14	445.89	435.14	424.89	415.14	405.89	397.14	388.89	381.14	373.89	367.15	360.9	355.15	349.9	345.15	340.9	337.15	333.9	331.15	328.9	327.15	325.9	325.15	324.9	325.15	325.9	327.15	328.9	331.15	333.9	337.15	340.9	345.15	349.9	355.15	360.9	367.15	373.9	381.15	388.91	397.16	405.91	415.16	424.91	435.16	445.91	457.16	468.91	481.16	493.91	507.16	520.91	535.16	549.91	565.16	580.91	597.16	613.91	631.16	648.91	667.16	685.91	705.16	724.91	745.16	765.91	787.16	808.91	831.17	853.92	877.17	900.92	925.17	949.92
932.13	907.38	883.13	859.38	836.13	813.38	791.13	769.38	748.13	727.39	707.14	687.39	668.14	649.39	631.14	613.39	596.14	579.39	563.14	547.39	532.14	517.39	503.14	489.39	476.14	463.39	451.14	439.39	428.14	417.39	407.14	397.39	388.14	379.39	371.14	363.39	356.14	349.4	343.15	337.4	332.15	327.4	323.15	319.4	316.15	313.4	311.15	309.4	308.15	307.4	307.15	307.4	308.15	309.4	311.15	313.4	316.15	319.4	323.15	327.4	332.15	337.4	343.15	349.4	356.15	363.4	371.16	379.41	388.16	397.41	407.16	417.41	428.16	439.41	451.16	463.41	476.16	489.41	503.16	517.41	532.16	547.41	563.16	579.41	596.16	613.41	631.16	649.41	668.16	687.41	707.16	727.41	748.16	769.41	791.16	813.42	836.17	859.42	883.17	907.42	932.17
914.88	890.13	865.88	842.13	818.88	796.13	773.88	752.13	730.88	710.14	689.89	670.14	650.89	632.14	613.89	596.14	578.89	562.14	545.89	530.14	514.89	500.14	485.89	472.14	458.89	446.14	433.89	422.14	410.89	400.14	389.89	380.14	370.89	362.14	353.89	346.14	338.89	332.15	325.9	320.15	314.9	310.15	305.9	302.15	298.9	296.15	293.9	292.15	290.9	290.15	289.9	290.15	290.9	292.15	293.9	296.15	298.9	302.15	305.9	310.15	314.9	320.15	325.9	332.15	338.9	346.15	353.91	362.16	370.91	380.16	389.91	400.16	410.91	422.16	433.91	446.16	458.91	472.16	485.91	500.16	514.91	530.16	545.91	562.16	578.91	596.16	613.91	632.16	650.91	670.16	689.91	710.16	730.91	752.16	773.92	796.17	818.92	842.17	865.92	890.17	914.92
898.13	873.38	849.13	825.38	802.13	779.38	757.13	735.38	714.14	693.39	673.14	653.39	634.14	615.39	597.14	579.39	562.14	545.39	529.14	513.39	498.14	483.39	469.14	455.39	442.14	429.39	417.14	405.39	394.14	383.39	373.14	363.39	354.14	345.39	337.14	329.39	322.14	315.4	309.15	303.4	298.15	293.4	289.15	285.4	282.15	279.4	277.15	275.4	274.15	273.4	273.15	273.4	274.15	275.4	277.15	279.4	282.15	285.4	289.15	293.4	298.15	303.4	309.15	315.4	322.15	329.4	337.16	345.41	354.16	363.41	373.16	383.41	394.16	405.41	417.16	429.41	442.16	455.41	469.16	483.41	498.16	513.41	529.16	545.41	562.16	579.41	597.16	615.41	634.16	653.41	673.16	693.41	714.16	735.41	757.17	779.42	802.17	825.42	849.17	873.42	898.17
881.88	857.13	832.88	809.13	785.88	763.13	740.88	719.13	697.89	677.14	656.89	637.14	617.89	599.14	580.89	563.14	545.89	529.14	512.89	497.14	481.89	467.14	452.89	439.14	425.89	413.14	400.89	389.14	377.89	367.14	356.89	347.14	337.89	329.14	320.89	313.14	305.89	299.15	292.9	287.15	281.9	277.15	272.9	269.15	265.9	263.15	260.9	259.15	257.9	257.15	256.9	257.15	257.9	259.15	260.9	263.15	265.9	269.15	272.9	277.15	281.9	287.15	292.9	299.15	305.9	313.15	320.91	329.16	337.91	347.16	356.91	367.16	377.91	389.16	400.91	413.16	425.91	439.16	452.91	467.16	481.91	497.16	512.91	529.16	545.91	563.16	580.91	599.16	617.91	637.16	656.91	677.16	697.91	719.16	740.92	763.17	785.92	809.17	832.92	857.17	881.92
866.13	841.38	817.13	793.38	770.13	747.38	725.13	703.38	682.14	661.39	641.14	621.39	602.14	583.39	565.14	547.39	530.14	513.39	497.14	481.39	466.14	451.39	437.14	423.39	410.14	397.39	385.14	373.39	362.14	351.39	341.14	331.39	322.14	313.39	305.14	297.39	290.14	283.4	277.15	271.4	266.15	261.4	257.15	253.4	250.15	247.4	245.15	243.4	242.15	241.4	241.15	241.4	242.15	243.4	245.15	247.4	250.15	253.4	257.15	261.4	266.15	271.4	277.15	283.4	290.15	297.41	305.16	313.41	322.16	331.41	341.16	351.41	362.16	373.41	385.16	397.41	410.16	423.41	437.16	451.41	466.16	481.41	497.16	513.41	530.16	547.41	565.16	583.41	602.16	621.41	641.16	661.41	682.16	703.41	725.17	747.42	770.17	793.42	817.17	841.42	866.17
850.88	826.13	801.88	778.13	754.88	732.13	709.88	688.13	666.89	646.14	625.89	606.14	586.89	568.14	549.89	532.14	514.89	498.14	481.89	466.14	450.89	436.14	421.89	408.14	394.89	382.14	369.89	358.14	346.89	336.14	325.89	316.14	306.89	298.14	289.89	282.14	274.89	268.15	261.9	256.15	250.9	246.15	241.9	238.15	234.9	232.15	229.9	228.15	226.9	226.15	225.9	226.15	226.9	228.15	229.9	232.15	234.9	238.15	241.9	246.15	250.9	256.15	261.9	268.15	274.9	282.16	289.91	298.16	306.91	316.16	325.91	336.16	346.91	358.16	369.91	382.16	394.91	408.16	421.91	436.16	450.91	466.16	481.91	498.16	514.91	532.16	549.91	568.16	586.91	606.16	625.91	646.16	666.91	688.16	709.92	732.17	754.92	778.17	801.92	826.17	850.92
836.13	811.38	787.13	763.38	740.13	717.38	695.13	673.38	652.14	631.39	611.14	591.39	572.14	553.39	535.14	517.39	500.14	483.39	467.14	451.39	436.14	421.39	407.14	393.39	380.14	367.39	355.14	343.39	332.14	321.39	311.14	301.39	292.14	283.39	275.14	267.39	260.15	253.4	247.15	241.4	236.15	231.4	227.15	223.4	220.15	217.4	215.15	213.4	212.15	211.4	211.15	211.4	212.15	213.4	215.15	217.4	220.15	223.4	227.15	231.4	236.15	241.4	247.15	253.4	260.15	267.41	275.16	283.41	292.16	301.41	311.16	321.41	332.16	343.41	355.16	367.41	380.16	393.41	407.16	421.41	436.16	451.41	467.16	483.41	500.16	517.41	535.16	553.41	572.16	591.41	611.16	631.41	652.16	673.41	695.17	717.42	740.17	763.42	787.17	811.42	836.17
821.88	797.13	772.88	749.13	725.88	703.13	680.88	659.13	637.89	617.14	596.89	577.14	557.89	539.14	520.89	503.14	485.89	469.14	452.89	437.14	421.89	407.14	392.89	379.14	365.89	353.14	340.89	329.14	317.89	307.14	296.89	287.14	277.89	269.14	260.89	253.14	245.9	239.15	232.9	227.15	221.9	217.15	212.9	209.15	205.9	203.15	200.9	199.15	197.9	197.15	196.9	197.15	197.9	199.15	200.9	203.15	205.9	209.15	212.9	217.15	221.9	227.15	232.9	239.15	245.9	253.16	260.91	269.16	277.91	287.16	296.91	307.16	317.91	329.16	340.91	353.16	365.91	379.16	392.91	407.16	421.91	437.16	452.91	469.16	485.91	503.16	520.91	539.16	557.91	577.16	596.91	617.16	637.91	659.16	680.92	703.17	725.92	749.17	772.92	797.17	821.92
808.13	783.38	759.13	735.38	712.13	689.38	667.13	645.39	624.14	603.39	583.14	563.39	544.14	525.39	507.14	489.39	472.14	455.39	439.14	423.39	408.14	393.39	379.14	365.39	352.14	339.39	327.14	315.39	304.14	293.39	283.14	273.39	264.14	255.39	247.14	239.39	232.15	225.4	219.15	213.4	208.15	203.4	199.15	195.4	192.15	189.4	187.15	185.4	184.15	183.4	183.15	183.4	184.15	185.4	187.15	189.4	192.15	195.4	199.15	203.4	208.15	213.4	219.15	225.4	232.15	239.41	247.16	255.41	264.16	273.41	283.16	293.41	304.16	315.41	327.16	339.41	352.16	365.41	379.16	393.41	408.16	423.41	439.16	455.41	472.16	489.41	507.16	525.41	544.16	563.41	583.16	603.41	624.16	645.42	667.17	689.42	712.17	735.42	759.17	783.42	808.17
794.88	770.13	745.88	722.13	698.88	676.13	653.88	632.14	610.89	590.14	569.89	550.14	530.89	512.14	493.89	476.14	458.89	442.14	425.89	410.14	394.89	380.14	365.89	352.14	338.89	326.14	313.89	302.14	290.89	280.14	269.89	260.14	250.89	242.14	233.89	226.14	218.9	212.15	205.9	200.15	194.9	190.15	185.9	182.15	178.9	176.15	173.9	172.15	170.9	170.15	169.9	170.15	170.9	172.15	173.9	176.15	178.9	182.15	185.9	190.15	194.9	200.15	205.9	212.15	218.9	226.16	233.91	242.16	250.91	260.16	269.91	280.16	290.91	302.16	313.91	326.16	338.91	352.16	365.91	380.16	394.91	410.16	425.91	442.16	458.91	476.16	493.91	512.16	530.91	550.16	569.91	590.16	610.91	632.17	653.92	676.17	698.92	722.17	745.92	770.17	794.92
782.13	757.38	733.13	709.38	686.13	663.38	641.13	619.39	598.14	577.39	557.14	537.39	518.14	499.39	481.14	463.39	446.14	429.39	413.14	397.39	382.14	367.39	353.14	339.39	326.14	313.39	301.14	289.39	278.14	267.39	257.14	247.39	238.14	229.39	221.14	213.39	206.15	199.4	193.15	187.4	182.15	177.4	173.15	169.4	166.15	163.4	161.15	159.4	158.15	157.4	157.15	157.4	158.15	159.4	161.15	163.4	166.15	169.4	173.15	177.4	182.15	187.4	193.15	199.4	206.16	213.41	221.16	229.41	238.16	247.41	257.16	267.41	278.16	289.41	301.16	313.41	326.16	339.41	353.16	367.41	382.16	397.41	413.16	429.41	446.16	463.41	481.16	499.41	518.16	537.41	557.16	577.41	598.16	619.42	641.17	663.42	686.17	709.42	733.17	757.42	782.17
769.88	745.13	720.88	697.13	673.88	651.13	628.88	607.14	585.89	565.14	544.89	525.14	505.89	487.14	468.89	451.14	433.89	417.14	400.89	385.14	369.89	355.14	340.89	327.14	313.89	301.14	288.89	277.14	265.89	255.14	244.89	235.14	225.89	217.14	208.89	201.14	193.9	187.15	180.9	175.15	169.9	165.15	160.9	157.15	153.9	151.15	148.9	147.15	145.9	145.15	144.9	145.15	145.9	147.15	148.9	151.15	153.9	157.15	160.9	165.15	169.9	175.15	180.9	187.15	193.91	201.16	208.91	217.16	225.91	235.16	244.91	255.16	265.91	277.16	288.91	301.16	313.91	327.16	340.91	355.16	369.91	385.16	400.91	417.16	433.91	451.16	468.91	487.16	505.91	525.16	544.91	565.16	585.91	607.17	628.92	651.17	673.92	697.17	720.92	745.17	769.92
758.13	733.38	709.13	685.38	662.13	639.38	617.13	595.39	574.14	553.39	533.14	513.39	494.14	475.39	457.14	439.39	422.14	405.39	389.14	373.39	358.14	343.39	329.14	315.39	302.14	289.39	277.14	265.39	254.14	243.39	233.14	223.39	214.14	205.39	197.14	189.4	182.15	175.4	169.15	163.4	158.15	153.4	149.15	145.4	142.15	139.4	137.15	135.4	134.15	133.4	133.15	133.4	134.15	135.4	137.15	139.4	142.15	145.4	149.15	153.4	158.15	163.4	169.15	175.4	182.16	189.41	197.16	205.41	214.16	223.41	233.16	243.41	254.16	265.41	277.16	289.41	302.16	315.41	329.16	343.41	358.16	373.41	389.16	405.41	422.16	439.41	457.16	475.41	494.16	513.41	533.16	553.41	574.16	595.42	617.17	639.42	662.17	685.42	709.17	733.42	758.17
746.88	722.13	697.88	674.13	650.88	628.13	605.88	584.14	562.89	542.14	521.89	502.14	482.89	464.14	445.89	428.14	410.89	394.14	377.89	362.14	346.89	332.14	317.89	304.14	290.89	278.14	265.89	254.14	242.89	232.14	221.89	212.14	202.89	194.14	185.89	178.15	170.9	164.15	157.9	152.15	146.9	142.15	137.9	134.15	130.9	128.15	125.9	124.15	122.9	122.15	121.9	122.15	122.9	124.15	125.9	128.15	130.9	134.15	137.9	142.15	146.9	152.15	157.9	164.15	170.91	178.16	185.91	194.16	202.91	212.16	221.91	232.16	242.91	254.16	265.91	278.16	290.91	304.16	317.91	332.16	346.91	362.16	377.91	394.16	410.91	428.16	445.91	464.16	482.91	502.16	521.91	542.16	562.91	584.17	605.92	628.17	650.92	674.17	697.92	722.17	746.92
736.13	711.38	687.13	663.38	640.13	617.38	595.14	573.39	552.14	531.39	511.14	491.39	472.14	453.39	435.14	417.39	400.14	383.39	367.14	351.39	336.14	321.39	307.14	293.39	280.14	267.39	255.14	243.39	232.14	221.39	211.14	201.39	192.14	183.39	175.14	167.4	160.15	153.4	147.15	141.4	136.15	131.4	127.15	123.4	120.15	117.4	115.15	113.4	112.15	111.4	111.15	111.4	112.15	113.4	115.15	117.4	120.15	123.4	127.15	131.4	136.15	141.4	147.15	153.4	160.16	167.41	175.16	183.41	192.16	201.41	211.16	221.41	232.16	243.41	255.16	267.41	280.16	293.41	307.16	321.41	336.16	351.41	367.16	383.41	400.16	417.41	435.16	453.41	472.16	491.41	511.16	531.41	552.17	573.42	595.17	617.42	640.17	663.42	687.17	711.42	736.17
725.88	701.13	676.88	653.13	629.88	607.13	584.89	563.14	541.89	521.14	500.89	481.14	461.89	443.14	424.89	407.14	389.89	373.14	356.89	341.14	325.89	311.14	296.89	283.14	269.89	257.14	244.89	233.14	221.89	211.14	200.89	191.14	181.89	173.14	164.89	157.15	149.9	143.15	136.9	131.15	125.9	121.15	116.9	113.15	109.9	107.15	104.9	103.15	101.9	101.15	100.9	101.15	101.9	103.15	104.9	107.15	109.9	113.15	116.9	121.15	125.9	131.15	136.9	143.15	149.91	157.16	164.91	173.16	181.91	191.16	200.91	211.16	221.91	233.16	244.91	257.16	269.91	283.16	296.91	311.16	325.91	341.16	356.91	373.16	389.91	407.16	424.91	443.16	461.91	481.16	500.91	521.16	541.92	563.17	584.92	607.17	629.92	653.17	676.92	701.17	725.92
716.13	691.38	667.13	643.38	620.13	597.38	575.14	553.39	532.14	511.39	491.14	471.39	452.14	433.39	415.14	397.39	380.14	363.39	347.14	331.39	316.14	301.39	287.14	273.39	260.14	247.39	235.14	223.39	212.14	201.39	191.14	181.39	172.14	163.39	155.14	147.4	140.15	133.4	127.15	121.4	116.15	111.4	107.15	103.4	100.15	97.399	95.149	93.399	92.15	91.4	91.15	91.401	92.151	93.402	95.152	97.402	100.15	103.4	107.15	111.4	116.15	121.4	127.15	133.41	140.16	147.41	155.16	163.41	172.16	181.41	191.16	201.41	212.16	223.41	235.16	247.41	260.16	273.41	287.16	301.41	316.16	331.41	347.16	363.41	380.16	397.41	415.16	433.41	452.16	471.41	491.16	511.41	532.17	553.42	575.17	597.42	620.17	643.42	667.17	691.42	716.17
706.88	682.13	657.88	634.13	610.88	588.13	565.89	544.14	522.89	502.14	481.89	462.14	442.89	424.14	405.89	388.14	370.89	354.14	337.89	322.14	306.89	292.14	277.89	264.14	250.89	238.14	225.89	214.14	202.89	192.14	181.89	172.14	162.89	154.14	145.89	138.15	130.9	124.15	117.9	112.15	106.9	102.15	97.898	94.148	90.898	88.149	85.899	84.149	82.9	82.15	81.901	82.151	82.901	84.152	85.902	88.152	90.903	94.153	97.903	102.15	106.9	112.15	117.9	124.16	130.91	138.16	145.91	154.16	162.91	172.16	181.91	192.16	202.91	214.16	225.91	238.16	250.91	264.16	277.91	292.16	306.91	322.16	337.91	354.16	370.91	388.16	405.91	424.16	442.91	462.16	481.91	502.16	522.92	544.17	565.92	588.17	610.92	634.17	657.92	682.17	706.92
698.13	673.38	649.13	625.38	602.13	579.38	557.14	535.39	514.14	493.39	473.14	453.39	434.14	415.39	397.14	379.39	362.14	345.39	329.14	313.39	298.14	283.39	269.14	255.39	242.14	229.39	217.14	205.39	194.14	183.39	173.14	163.39	154.14	145.39	137.15	129.4	122.15	115.4	109.15	103.4	98.147	93.397	89.148	85.398	82.148	79.399	77.149	75.4	74.15	73.4	73.151	73.401	74.151	75.402	77.152	79.402	82.153	85.403	89.153	93.404	98.154	103.4	109.15	115.41	122.16	129.41	137.16	145.41	154.16	163.41	173.16	183.41	194.16	205.41	217.16	229.41	242.16	255.41	269.16	283.41	298.16	313.41	329.16	345.41	362.16	379.41	397.16	415.41	434.16	453.41	473.16	493.41	514.17	535.42	557.17	579.42	602.17	625.42	649.17	673.42	698.17
689.88	665.13	640.88	617.13	593.88	571.13	548.89	527.14	505.89	485.14	464.89	445.14	425.89	407.14	388.89	371.14	353.89	337.14	320.89	305.14	289.89	275.14	260.89	247.14	233.89	221.14	208.89	197.14	185.89	175.14	164.89	155.14	145.89	137.14	128.9	121.15	113.9	107.15	100.9	95.147	89.897	85.148	80.898	77.148	73.899	71.149	68.899	67.15	65.9	65.15	64.901	65.151	65.901	67.152	68.902	71.152	73.903	77.153	80.903	85.154	89.904	95.154	100.9	107.16	113.91	121.16	128.91	137.16	145.91	155.16	164.91	175.16	185.91	197.16	208.91	221.16	233.91	247.16	260.91	275.16	289.91	305.16	320.91	337.16	353.91	371.16	388.91	407.16	425.91	445.16	464.91	485.16	505.92	527.17	548.92	571.17	593.92	617.17	640.92	665.17	689.92
682.13	657.38	633.13	609.38	586.13	563.38	541.14	519.39	498.14	477.39	457.14	437.39	418.14	399.39	381.14	363.39	346.14	329.39	313.14	297.39	282.14	267.39	253.14	239.39	226.14	213.39	201.14	189.39	178.14	167.39	157.14	147.39	138.14	129.39	121.15	113.4	106.15	99.396	93.147	87.397	82.147	77.398	73.148	69.398	66.149	63.399	61.149	59.4	58.15	57.4	57.151	57.401	58.151	59.402	61.152	63.402	66.153	69.403	73.153	77.404	82.154	87.405	93.155	99.405	106.16	113.41	121.16	129.41	138.16	147.41	157.16	167.41	178.16	189.41	201.16	213.41	226.16	239.41	253.16	267.41	282.16	297.41	313.16	329.41	346.16	363.41	381.16	399.41	418.16	437.41	457.16	477.42	498.17	519.42	541.17	563.42	586.17	609.42	633.17	657.42	682.17
674.88	650.13	625.88	602.13	578.88	556.14	533.89	512.14	490.89	470.14	449.89	430.14	410.89	392.14	373.89	356.14	338.89	322.14	305.89	290.14	274.89	260.14	245.89	232.14	218.89	206.14	193.89	182.14	170.89	160.14	149.89	140.14	130.89	122.14	113.9	106.15	98.896	92.146	85.897	80.147	74.897	70.148	65.898	62.148	58.899	56.149	53.899	52.15	50.9	50.15	49.901	50.151	50.901	52.152	53.902	56.152	58.903	62.153	65.904	70.154	74.904	80.155	85.905	92.155	98.906	106.16	113.91	122.16	130.91	140.16	149.91	160.16	170.91	182.16	193.91	206.16	218.91	232.16	245.91	260.16	274.91	290.16	305.91	322.16	338.91	356.16	373.91	392.16	410.91	430.16	449.91	470.17	490.92	512.17	533.92	556.17	578.92	602.17	625.92	650.17	674.92
668.13	643.38	619.13	595.38	572.13	549.39	527.14	505.39	484.14	463.39	443.14	423.39	404.14	385.39	367.14	349.39	332.14	315.39	299.14	283.39	268.14	253.39	239.14	225.39	212.14	199.39	187.14	175.39	164.14	153.39	143.14	133.39	124.14	115.39	107.15	99.396	92.146	85.396	79.147	73.397	68.147	63.398	59.148	55.398	52.149	49.399	47.149	45.4	44.15	43.4	43.151	43.401	44.152	45.402	47.152	49.403	52.153	55.403	59.154	63.404	68.154	73.405	79.155	85.405	92.156	99.406	107.16	115.41	124.16	133.41	143.16	153.41	164.16	175.41	187.16	199.41	212.16	225.41	239.16	253.41	268.16	283.41	299.16	315.41	332.16	349.41	367.16	385.41	404.16	423.41	443.16	463.42	484.17	505.42	527.17	549.42	572.17	595.42	619.17	643.42	668.17
661.88	637.13	612.88	589.13	565.88	543.14	520.89	499.14	477.89	457.14	436.89	417.14	397.89	379.14	360.89	343.14	325.89	309.14	292.89	277.14	261.89	247.14	232.89	219.14	205.89	193.14	180.89	169.14	157.89	147.14	136.89	127.14	117.89	109.14	100.9	93.146	85.896	79.146	72.897	67.147	61.897	57.148	52.898	49.148	45.899	43.149	40.899	39.15	37.9	37.151	36.901	37.151	37.902	39.152	40.902	43.153	45.903	49.153	52.904	57.154	61.904	67.155	72.905	79.155	85.906	93.156	100.91	109.16	117.91	127.16	136.91	147.16	157.91	169.16	180.91	193.16	205.91	219.16	232.91	247.16	261.91	277.16	292.91	309.16	325.91	343.16	360.91	379.16	397.91	417.16	436.91	457.17	477.92	499.17	520.92	543.17	565.92	589.17	612.92	637.17	661.92
656.13	631.38	607.13	583.38	560.13	537.39	515.14	493.39	472.14	451.39	431.14	411.39	392.14	373.39	355.14	337.39	320.14	303.39	287.14	271.39	256.14	241.39	227.14	213.39	200.14	187.39	175.14	163.39	152.14	141.39	131.14	121.39	112.14	103.39	95.145	87.396	80.146	73.396	67.147	61.397	56.147	51.398	47.148	43.398	40.149	37.399	35.15	33.4	32.15	31.401	31.151	31.401	32.152	33.402	35.152	37.403	40.153	43.403	47.154	51.404	56.154	61.405	67.155	73.405	80.156	87.406	95.157	103.41	112.16	121.41	131.16	141.41	152.16	163.41	175.16	187.41	200.16	213.41	227.16	241.41	256.16	271.41	287.16	303.41	320.16	337.41	355.16	373.41	392.16	411.41	431.16	451.42	472.17	493.42	515.17	537.42	560.17	583.42	607.17	631.42	656.17
650.88	626.13	601.88	578.13	554.88	532.14	509.89	488.14	466.89	446.14	425.89	406.14	386.89	368.14	349.89	332.14	314.89	298.14	281.89	266.14	250.89	236.14	221.89	208.14	194.89	182.14	169.89	158.14	146.89	136.14	125.89	116.14	106.89	98.145	89.895	82.146	74.896	68.146	61.897	56.147	50.897	46.148	41.898	38.149	34.899	32.149	29.9	28.15	26.9	26.151	25.901	26.151	26.902	28.152	29.902	32.153	34.903	38.153	41.904	46.154	50.904	56.155	61.905	68.156	74.906	82.156	89.907	98.157	106.91	116.16	125.91	136.16	146.91	158.16	169.91	182.16	194.91	208.16	221.91	236.16	250.91	266.16	281.91	298.16	314.91	332.16	349.91	368.16	386.91	406.16	425.91	446.17	466.92	488.17	509.92	532.17	554.92	578.17	601.92	626.17	650.92
646.13	621.38	597.13	573.38	550.13	527.39	505.14	483.39	462.14	441.39	421.14	401.39	382.14	363.39	345.14	327.39	310.14	293.39	277.14	261.39	246.14	231.39	217.14	203.39	190.14	177.39	165.14	153.39	142.14	131.39	121.14	111.39	102.14	93.395	85.145	77.396	70.146	63.396	57.147	51.397	46.148	41.398	37.148	33.399	30.149	27.399	25.15	23.4	22.15	21.401	21.151	21.401	22.152	23.402	25.152	27.403	30.153	33.403	37.154	41.404	46.155	51.405	57.155	63.406	70.156	77.406	85.157	93.407	102.16	111.41	121.16	131.41	142.16	153.41	165.16	177.41	190.16	203.41	217.16	231.41	246.16	261.41	277.16	293.41	310.16	327.41	345.16	363.41	382.16	401.41	421.16	441.42	462.17	483.42	505.17	527.42	550.17	573.42	597.17	621.42	646.17
641.88	617.13	592.88	569.13	545.89	523.14	500.89	479.14	457.89	437.14	416.89	397.14	377.89	359.14	340.89	323.14	305.89	289.14	272.89	257.14	241.89	227.14	212.89	199.14	185.89	173.14	160.89	149.14	137.89	127.14	116.89	107.14	97.895	89.145	80.895	73.146	65.896	59.147	52.897	47.147	41.898	37.148	32.898	29.149	25.899	23.149	20.9	19.15	17.9	17.151	16.901	17.151	17.902	19.152	20.902	23.153	25.903	29.154	32.904	37.154	41.905	47.155	52.905	59.156	65.906	73.156	80.907	89.157	97.907	107.16	116.91	127.16	137.91	149.16	160.91	173.16	185.91	199.16	212.91	227.16	241.91	257.16	272.91	289.16	305.91	323.16	340.91	359.16	377.91	397.16	416.92	437.17	457.92	479.17	500.92	523.17	545.92	569.17	592.92	617.17	641.92
638.13	613.38	589.13	565.38	542.14	519.39	497.14	475.39	454.14	433.39	413.14	393.39	374.14	355.39	337.14	319.39	302.14	285.39	269.14	253.39	238.14	223.39	209.14	195.39	182.14	169.39	157.14	145.39	134.14	123.39	113.14	103.39	94.145	85.395	77.146	69.396	62.146	55.397	49.147	43.397	38.148	33.398	29.148	25.399	22.149	19.399	17.15	15.4	14.15	13.401	13.151	13.401	14.152	15.402	17.153	19.403	22.153	25.404	29.154	33.404	38.155	43.405	49.155	55.406	62.156	69.406	77.157	85.407	94.157	103.41	113.16	123.41	134.16	145.41	157.16	169.41	182.16	195.41	209.16	223.41	238.16	253.41	269.16	285.41	302.16	319.41	337.16	355.41	374.16	393.41	413.17	433.42	454.17	475.42	497.17	519.42	542.17	565.42	589.17	613.42	638.17
634.88	610.13	585.88	562.13	538.89	516.14	493.89	472.14	450.89	430.14	409.89	390.14	370.89	352.14	333.89	316.14	298.89	282.14	265.89	250.14	234.89	220.14	205.89	192.14	178.89	166.14	153.89	142.14	130.89	120.14	109.89	100.14	90.895	82.145	73.896	66.146	58.896	52.147	45.897	40.147	34.898	30.148	25.898	22.149	18.899	16.149	13.9	12.15	10.9	10.151	9.9012	10.152	10.902	12.152	13.903	16.153	18.903	22.154	25.904	30.154	34.905	40.155	45.905	52.156	58.906	66.156	73.907	82.157	90.907	100.16	109.91	120.16	130.91	142.16	153.91	166.16	178.91	192.16	205.91	220.16	234.91	250.16	265.91	282.16	298.91	316.16	333.91	352.16	370.91	390.16	409.92	430.17	450.92	472.17	493.92	516.17	538.92	562.17	585.92	610.17	634.92
632.13	607.38	583.13	559.38	536.14	513.39	491.14	469.39	448.14	427.39	407.14	387.39	368.14	349.39	331.14	313.39	296.14	279.39	263.14	247.39	232.14	217.39	203.14	189.39	176.14	163.39	151.14	139.39	128.14	117.39	107.14	97.395	88.145	79.395	71.146	63.396	56.146	49.397	43.147	37.397	32.148	27.398	23.148	19.399	16.149	13.4	11.15	9.4002	8.1505	7.4009	7.1512	7.4016	8.1519	9.4023	11.153	13.403	16.153	19.404	23.154	27.404	32.155	37.405	43.155	49.406	56.156	63.406	71.157	79.407	88.158	97.408	107.16	117.41	128.16	139.41	151.16	163.41	176.16	189.41	203.16	217.41	232.16	247.41	263.16	279.41	296.16	313.41	331.16	349.41	368.16	387.41	407.17	427.42	448.17	469.42	491.17	513.42	536.17	559.42	583.17	607.42	632.17
629.88	605.13	580.88	557.13	533.89	511.14	488.89	467.14	445.89	425.14	404.89	385.14	365.89	347.14	328.89	311.14	293.89	277.14	260.89	245.14	229.89	215.14	200.89	187.14	173.89	161.14	148.89	137.14	125.89	115.14	104.89	95.145	85.895	77.145	68.896	61.146	53.896	47.147	40.897	35.147	29.898	25.148	20.899	17.149	13.899	11.15	8.8999	7.1503	5.9006	5.151	4.9013	5.1517	5.902	7.1523	8.9027	11.153	13.903	17.154	20.904	25.154	29.905	35.155	40.905	47.156	53.906	61.157	68.907	77.157	85.908	95.158	104.91	115.16	125.91	137.16	148.91	161.16	173.91	187.16	200.91	215.16	229.91	245.16	260.91	277.16	293.91	311.16	328.91	347.16	365.91	385.16	404.92	425.17	445.92	467.17	488.92	511.17	533.92	557.17	580.92	605.17	629.92
628.13	603.38	579.13	555.38	532.14	509.39	487.14	465.39	444.14	423.39	403.14	383.39	364.14	345.39	327.14	309.39	292.14	275.39	259.14	243.39	228.14	213.39	199.14	185.39	172.14	159.39	147.14	135.39	124.14	113.39	103.14	93.395	84.145	75.395	67.146	59.396	52.146	45.397	39.147	33.398	28.148	23.398	19.149	15.399	12.149	9.3996	7.15	5.4003	4.1507	3.401	3.1514	3.4017	4.1521	5.4024	7.1528	9.4031	12.153	15.404	19.154	23.404	28.155	33.405	39.156	45.406	52.156	59.407	67.157	75.407	84.158	93.408	103.16	113.41	124.16	135.41	147.16	159.41	172.16	185.41	199.16	213.41	228.16	243.41	259.16	275.41	292.16	309.41	327.16	345.41	364.16	383.41	403.17	423.42	444.17	465.42	487.17	509.42	532.17	555.42	579.17	603.42	628.17
626.88	602.13	577.88	554.14	530.89	508.14	485.89	464.14	442.89	422.14	401.89	382.14	362.89	344.14	325.89	308.14	290.89	274.14	257.89	242.14	226.89	212.14	197.89	184.14	170.89	158.14	145.89	134.14	122.89	112.14	101.89	92.145	82.895	74.145	65.896	58.146	50.897	44.147	37.897	32.148	26.898	22.148	17.899	14.149	10.899	8.1497	5.9	4.1504	2.9007	2.1511	1.9014	2.1518	2.9021	4.1525	5.9028	8.1532	10.904	14.154	17.904	22.155	26.905	32.155	37.906	44.156	50.906	58.157	65.907	74.157	82.908	92.158	101.91	112.16	122.91	134.16	145.91	158.16	170.91	184.16	197.91	212.16	226.91	242.16	257.91	274.16	290.91	308.16	325.91	344.16	362.91	382.17	401.92	422.17	442.92	464.17	485.92	508.17	530.92	554.17	577.92	602.17	626.92
626.13	601.38	577.13	553.39	530.14	507.39	485.14	463.39	442.14	421.39	401.14	381.39	362.14	343.39	325.14	307.39	290.14	273.39	257.14	241.39	226.14	211.39	197.14	183.39	170.14	157.39	145.14	133.39	122.14	111.39	101.14	91.395	82.145	73.396	65.146	57.396	50.147	43.397	37.147	31.398	26.148	21.398	17.149	13.399	10.149	7.3997	5.1501	3.4004	2.1508	1.4011	1.1515	1.4018	2.1522	3.4025	5.1529	7.4032	10.154	13.404	17.154	21.405	26.155	31.405	37.156	43.406	50.156	57.407	65.157	73.407	82.158	91.408	101.16	111.41	122.16	133.41	145.16	157.41	170.16	183.41	197.16	211.41	226.16	241.41	257.16	273.41	290.16	307.41	325.16	343.41	362.16	381.42	401.17	421.42	442.17	463.42	485.17	507.42	530.17	553.42	577.17	601.42	626.17
625.88	601.13	576.88	553.14	529.89	507.14	484.89	463.14	441.89	421.14	400.89	381.14	361.89	343.14	324.89	307.14	289.89	273.14	256.89	241.14	225.89	211.14	196.89	183.14	169.89	157.14	144.89	133.14	121.89	111.14	100.89	91.145	81.895	73.146	64.896	57.146	49.897	43.147	36.897	31.148	25.898	21.148	16.899	13.149	9.8994	7.1498	4.9001	3.1505	1.9008	1.1512	0.90152	1.1519	1.9022	3.1526	4.9029	7.1533	9.9036	13.154	16.904	21.155	25.905	31.155	36.906	43.156	49.906	57.157	64.907	73.157	81.908	91.158	100.91	111.16	121.91	133.16	144.91	157.16	169.91	183.16	196.91	211.16	225.91	241.16	256.91	273.16	289.91	307.16	324.91	343.16	361.91	381.17	400.92	421.17	441.92	463.17	484.92	507.17	529.92	553.17	576.92	601.17	625.92
626.13	601.38	577.13	553.39	530.14	507.39	485.14	463.39	442.14	421.39	401.14	381.39	362.14	343.39	325.14	307.39	290.14	273.39	257.14	241.39	226.14	211.39	197.14	183.39	170.14	157.39	145.14	133.39	122.14	111.39	101.14	91.395	82.145	73.396	65.146	57.396	50.147	43.397	37.147	31.398	26.148	21.398	17.149	13.399	10.149	7.3998	5.1502	3.4005	2.1509	1.4012	1.1516	1.4019	2.1523	3.4026	5.153	7.4033	10.154	13.404	17.154	21.405	26.155	31.405	37.156	43.406	50.156	57.407	65.157	73.408	82.158	91.408	101.16	111.41	122.16	133.41	145.16	157.41	170.16	183.41	197.16	211.41	226.16	241.41	257.16	273.41	290.16	307.41	325.16	343.41	362.16	381.42	401.17	421.42	442.17	463.42	485.17	507.42	530.17	553.42	577.17	601.42	626.17
626.88	602.13	577.88	554.14	530.89	508.14	485.89	464.14	442.89	422.14	401.89	382.14	362.89	344.14	325.89	308.14	290.89	274.14	257.89	242.14	226.89	212.14	197.89	184.14	170.89	158.14	145.89	134.14	122.89	112.14	101.89	92.145	82.895	74.146	65.896	58.146	50.897	44.147	37.897	32.148	26.898	22.148	17.899	14.149	10.9	8.1499	5.9002	4.1506	2.9009	2.1513	1.9016	2.152	2.9023	4.1527	5.903	8.1534	10.904	14.154	17.904	22.155	26.905	32.155	37.906	44.156	50.907	58.157	65.907	74.158	82.908	92.158	101.91	112.16	122.91	134.16	145.91	158.16	170.91	184.16	197.91	212.16	226.91	242.16	257.91	274.16	290.91	308.16	325.91	344.16	362.91	382.17	401.92	422.17	442.92	464.17	485.92	508.17	530.92	554.17	577.92	602.17	626.92
626.36	601.61	577.36	553.61	530.36	507.61	485.36	463.61	442.36	421.61	401.36	381.61	362.37	343.62	325.37	307.62	290.37	273.62	257.37	241.62	226.37	211.62	197.37	183.63	170.38	157.63	145.38	133.63	122.38	111.63	101.38	91.632	82.383	73.634	65.385	57.636	50.387	43.638	37.389	31.639	26.39	21.641	17.392	13.643	10.394	7.6447	5.3956	3.6465	2.3974	1.6482	1.3991	1.65	2.4009	3.6518	5.4026	7.6535	10.404	13.655	17.406	21.657	26.408	31.659	37.41	43.661	50.411	57.662	65.413	73.664	82.415	91.666	101.42	111.67	122.42	133.67	145.42	157.67	170.42	183.67	197.42	211.67	226.43	241.68	257.43	273.68	290.43	307.68	325.43	343.68	362.43	381.68	401.43	421.69	442.44	463.69	485.44	507.69	530.44	553.69	577.44	601.69	626.44
626.26	601.51	577.26	553.51	530.26	507.51	485.26	463.51	442.26	421.51	401.27	381.52	362.27	343.52	325.27	307.52	290.27	273.52	257.27	241.52	226.27	211.53	197.28	183.53	170.28	157.53	145.28	133.53	122.28	111.53	101.28	91.534	82.285	73.536	65.287	57.538	50.289	43.539	37.29	31.541	26.292	21.543	17.294	13.545	10.296	7.5464	5.2973	3.5482	2.2991	1.55	1.3008	1.5517	2.3026	3.5535	5.3044	7.5552	10.306	13.557	17.308	21.559	26.31	31.561	37.311	43.562	50.313	57.564	65.315	73.566	82.317	91.568	101.32	111.57	122.32	133.57	145.32	157.57	170.32	183.57	197.33	211.58	226.33	241.58	257.33	273.58	290.33	307.58	325.33	343.58	362.33	381.59	401.34	421.59	442.34	463.59	485.34	507.59	530.34	553.59	577.34	601.59	626.34
626.66	601.91	577.66	553.91	530.66	507.91	485.66	463.91	442.67	421.92	401.67	381.92	362.67	343.92	325.67	307.92	290.67	273.92	257.67	241.93	226.68	211.93	197.68	183.93	170.68	157.93	145.68	133.93	122.68	111.93	101.68	91.936	82.687	73.938	65.688	57.939	50.69	43.941	37.692	31.943	26.694	21.945	17.696	13.946	10.697	7.9482	5.699	3.9499	2.7008	1.9517	1.7026	1.9534	2.7043	3.9552	5.7061	7.957	10.708	13.959	17.71	21.96	26.711	31.962	37.713	43.964	50.715	57.966	65.717	73.968	82.718	91.969	101.72	111.97	122.72	133.97	145.72	157.97	170.73	183.98	197.73	211.98	226.73	241.98	257.73	273.98	290.73	307.98	325.73	343.99	362.74	381.99	401.74	421.99	442.74	463.99	485.74	507.99	530.74	553.99	577.74	602	626.75
627.56	602.81	578.56	554.81	531.56	508.81	486.57	464.82	443.57	422.82	402.57	382.82	363.57	344.82	326.57	308.82	291.57	274.83	258.58	242.83	227.58	212.83	198.58	184.83	171.58	158.83	146.58	134.83	123.58	112.84	102.59	92.838	83.588	74.839	66.59	58.841	51.592	44.843	38.594	32.845	27.595	22.846	18.597	14.848	11.599	8.8499	6.6007	4.8516	3.6025	2.8534	2.6043	2.8551	3.606	4.8569	6.6078	8.8587	11.61	14.86	18.611	22.862	27.613	32.864	38.615	44.866	51.617	58.867	66.618	74.869	83.62	92.871	102.62	112.87	123.62	134.87	146.63	158.88	171.63	184.88	198.63	212.88	227.63	242.88	258.63	274.88	291.63	308.89	326.64	344.89	363.64	382.89	402.64	422.89	443.64	464.89	486.64	508.89	531.64	554.9	578.65	602.9	627.65
